1111111111111111111111111
1000000010000010000000001
1000111010111010001110001
1000101010101010000010001
1100101010101010001010101
1000001000101010000010101
1011101000101011101110101
1010100000001000100010101
1010111010100010100010111
1010000000100010100010001
1010110001100110101011101
1010000000001000101010001
1011100010101011101010111
1010001000100010001010001
1010111100100010111011101
1010000000001010001000001
1011111001101010001111101
1000001010101000001000001
1000111010001111101010111
1000000000000000100010001
1011111110011110111000101
1010000010000000001010001
1000111011111000101010001
1000001000000000000000001
1111111111111111111111111