1111111111111111111111111
1000000000000000000000001
1000101101101100101010001
1010101000100000100010101
1010101010110000110010111
1010100010000010100010001
1010101000111010100011101
1000001000100010101000001
1000111010100110001111101
1000001010000000000000101
1011101011100111001111101
1010001010000000100000001
1011101010101011101111111
1000101010001010001000001
1110111010001110111011101
1000100010001000100010001
1000100110111011111110101
1000000010000010000010101
1111110010111110001010101
1000000010000000000010101
1011001110001111001110111
1000001000000000001000001
1000101011100110000000001
1000100000000010000000001
1111111111111111111111111